Number of Sentences    :         356
Number of Propositions :         356
Percentage of perfect props :   7.87

              corr.  excess  missed    prec.    rec.      F1
------------------------------------------------------------
   Overall      225     402     556    35.89   28.81   31.96
----------
     Agent       36      71      73    33.64   33.03   33.33
     Cause        0      19      28     0.00    0.00    0.00
      Dest       10      50      35    16.67   22.22   19.05
    Enable       14      43     102    24.56   12.07   16.18
 Enable-or        0       0       7     0.00    0.00    0.00
       Loc        4      16      34    20.00   10.53   13.79
     Other        0       1       4     0.00    0.00    0.00
   Prevent        0       0       5     0.00    0.00    0.00
    Result        9      39      51    18.75   15.00   16.67
    Source        4       6      17    40.00   19.05   25.81
     Super        4       9      42    30.77    8.70   13.56
     Theme      144     148     158    49.32   47.68   48.48
------------------------------------------------------------
         V      356       0       0   100.00  100.00  100.00
------------------------------------------------------------
