Number of Sentences    :       23045
Number of Propositions :       23045
Percentage of perfect props :  57.81

              corr.  excess  missed    prec.    rec.      F1
------------------------------------------------------------
   Overall    47793   11986   12656    79.95   79.06   79.50
----------
      ARG0    11573    1661    1459    87.45   88.80   88.12
      ARG1    16967    3803    3624    81.69   82.40   82.04
      ARG2     5140    1615    1790    76.09   74.17   75.12
      ARG3      160     102     204    61.07   43.96   51.12
      ARG4      251      89     119    73.82   67.84   70.70
      ARG5        4       5       5    44.44   44.44   44.44
      ARGA        0       1       2     0.00    0.00    0.00
  ARGM-ADJ       59      91      76    39.33   43.70   41.40
  ARGM-ADV     1344     792    1100    62.92   54.99   58.69
  ARGM-CAU      246     141     138    63.57   64.06   63.81
  ARGM-COM       11      24      18    31.43   37.93   34.37
  ARGM-DIR      184     222     231    45.32   44.34   44.82
  ARGM-DIS     1985     504     626    79.75   76.02   77.84
  ARGM-DSP        0       0       1     0.00    0.00    0.00
  ARGM-EXT       55     111      99    33.13   35.71   34.38
  ARGM-GOL       18      36      58    33.33   23.68   27.69
  ARGM-LOC      850     473     686    64.25   55.34   59.46
  ARGM-LVB       44      10      22    81.48   66.67   73.33
  ARGM-MNR      800     598     602    57.22   57.06   57.14
  ARGM-MOD     2159      55      59    97.52   97.34   97.43
  ARGM-NEG     1125      94      57    92.29   95.18   93.71
  ARGM-PNC        6      15      71    28.57    7.79   12.24
  ARGM-PRD       51     232     225    18.02   18.48   18.25
  ARGM-PRP      241     197     208    55.02   53.67   54.34
  ARGM-REC        7       2      27    77.78   20.59   32.56
  ARGM-TMP     3380     870     872    79.53   79.49   79.51
    R-ARG0      573      76      66    88.29   89.67   88.98
    R-ARG1      464     103     101    81.83   82.12   81.98
    R-ARG2       16      18      31    47.06   34.04   39.51
    R-ARG3        0       0       1     0.00    0.00    0.00
    R-ARG4        1       0       2   100.00   33.33   50.00
R-ARGM-ADV        0       0       2     0.00    0.00    0.00
R-ARGM-CAU        2       3       2    40.00   50.00   44.44
R-ARGM-DIR        0       0       1     0.00    0.00    0.00
R-ARGM-EXT        0       0       1     0.00    0.00    0.00
R-ARGM-LOC       38      23      31    62.30   55.07   58.46
R-ARGM-MNR        3       4       8    42.86   27.27   33.33
R-ARGM-PRD        0       0       1     0.00    0.00    0.00
R-ARGM-PRP        0       0       2     0.00    0.00    0.00
R-ARGM-TMP       36      16      28    69.23   56.25   62.07
------------------------------------------------------------
         V    23044       3       1    99.99  100.00   99.99
------------------------------------------------------------
