Number of Sentences    :       33455
Number of Propositions :       31414
Percentage of perfect props :  57.70

              corr.  excess  missed    prec.    rec.      F1
------------------------------------------------------------
   Overall    55780   15796   17331    77.93   76.29   77.10
----------
      ARG0    13260    2106    2204    86.29   85.75   86.02
      ARG1    20533    5199    4983    79.80   80.47   80.13
      ARG2     5985    2281    2472    72.41   70.77   71.58
      ARG3      260     232     362    52.85   41.80   46.68
      ARG4      319     136     170    70.11   65.24   67.58
      ARG5        1       3      10    25.00    9.09   13.33
      ARGA        0       0       4     0.00    0.00    0.00
  ARGM-ADJ      128     138     126    48.12   50.39   49.23
  ARGM-ADV     1551     939    1374    62.29   53.03   57.29
  ARGM-CAU      287     139     170    67.37   62.80   65.01
  ARGM-COM        5      14      14    26.32   26.32   26.32
  ARGM-DIR      157     171     283    47.87   35.68   40.89
  ARGM-DIS     1699     538     610    75.95   73.58   74.75
  ARGM-DSP        0       0       2     0.00    0.00    0.00
  ARGM-EXT       88      88     170    50.00   34.11   40.55
  ARGM-GOL        8      29      61    21.62   11.59   15.09
  ARGM-LOC     1177     843     865    58.27   57.64   57.95
  ARGM-LVB       33      16      22    67.35   60.00   63.46
  ARGM-MNR     1056     815     814    56.44   56.47   56.46
  ARGM-MOD     2336      87      87    96.41   96.41   96.41
  ARGM-NEG     1183      88      79    93.08   93.74   93.41
  ARGM-PNC       13      57     100    18.57   11.50   14.21
  ARGM-PRD       36     215     351    14.34    9.30   11.29
  ARGM-PRP      196     261     255    42.89   43.46   43.17
  ARGM-REC        3       4      10    42.86   23.08   30.00
  ARGM-TMP     4065    1087    1373    78.90   74.75   76.77
    R-ARG0      791      97     121    89.08   86.73   87.89
    R-ARG1      486     132     126    78.64   79.41   79.02
    R-ARG2       27      15      25    64.29   51.92   57.45
    R-ARG3        1       1       6    50.00   14.29   22.22
    R-ARG4        0       0       1     0.00    0.00    0.00
R-ARGM-ADV        0       0       3     0.00    0.00    0.00
R-ARGM-CAU        1       2       1    33.33   50.00   40.00
R-ARGM-DIR        0       0       1     0.00    0.00    0.00
R-ARGM-EXT        0       1       2     0.00    0.00    0.00
R-ARGM-LOC       56      40      29    58.33   65.88   61.88
R-ARGM-MNR        4       7       8    36.36   33.33   34.78
R-ARGM-PRP        0       0       1     0.00    0.00    0.00
R-ARGM-TMP       35      15      36    70.00   49.30   57.85
------------------------------------------------------------
         V    31410       5       4    99.98   99.99   99.99
------------------------------------------------------------
